0.2293306
-0.3508904
-0.3160712
0.07987529
0.08062869
0.2958742
-0.2005607
0.4976891
0.4369687
0.07486969
0.3978263
-0.4670025
-0.02799648
-0.08088332
-0.3420564
0.08830935
0.09107023
-0.2624991
0.4767412
0.4781618
-0.01488596
-0.0613957
-0.3154259
-0.3559611
0.2980553
0.3629233
0.3229827
0.2628067
0.493569
-0.1472191
0.07627195
-0.2484198
-0.2993606
-0.1764027
0.07689816
-0.2626746
0.4596064
-0.2239684
0.1181174
-0.2886457
-0.2379912
-0.1847487
0.3683228
-0.3941617
0.0307706
0.171362
-0.03035313
0.4965863
0.003666103
0.1068498
0.2181752
0.1758326
-0.2039601
-0.004018128
0.0309574
0.1159775
0.3882639
0.4541771
0.4252671
-0.04738158
0.2042558
-0.01067895
-0.2268282
0.1014902
-0.4081956
-0.04808313
0.09693879
0.2243185
0.3366734
